10000641
10002691
10003081
10008071
10008591
10010771
10010841
10012081
10014431
10014671
10015501
10016641
10016871
10018751
10021501
10024051
10025221
10026011
10027781
10027911
10028411
10032531
10033551
10034861
10037611
10037971
10038171
10038491
10043111
10044111
10044281
10044811
10046971
10048191
10049921
10052771
10053171
10055061
10055371
10058601
10059641
10060331
10061151
10065231
10065571
10067231
10067821
10070081
10071471
10072541
10073831
10075091
10077031
10077401
10077711
10080071
10080671
10082491
10084651
10085241
10086151
10086361
10089571
10090821
10092351
10093151
10095641
10096411
10097101
10097301
10098151
10102161
10102671
10107711
10108271
10109901
10110931
10113221
10116841
10117421
10119561
10120061
10121041
10125871
10126201
10126781
10128831
10131411
10131631
10132511
10132701
10133111
10134631
10135651
10136411
10136921
10139311
10148221
10148751
10150041
10153291
10153831
10154971
10156261
10159081
10161781
10164481
10164701
10164771
10164981
10165931
10167961
10168741
10169591
10169741
10170151
10170331
10171121
10171861
10173631
10176351
10177671
10179441
10183321
10183901
10184821
10185111
10185491
10186751
10187731
10187981
10191621
10195411
10196141
10200131
10200871
10202731
10203031
10203821
10204761
10208321
10210101
10211151
10211281
10211821
10212391
10212751
10213761
10213841
10213901
10214381
10215561
10216081
10218751
10220691
10221231
10221341
10222021
10223031
10224321
10225021
10225701
10225921
10226331
10227691
10229981
10230551
10232531
10233131
10233591
10233961
10235621
10237711
10238331
10239411
10242291
10242471
10242971
10243161
10243301
10243491
10243991
10245221
10247441
10247761
10250171
10254611
10255121
10255311
10256611
10256881
10258701
10259371
10260761
10262621
10262981
10263521
10264001
10265491
10267591
10269551
10271031
10271281
10272321
10272671
10273171
10273241
10275381
10276651
10277171
10278371
10279371
10280381
10280761
10283081
10284211
10289631
10290691
10290951
10295911
10298471
10298611
10299001
10299341
10299881
10300001
10300591
10301461
10302461
10303051
10303281
10303841
10307291
10308131
10308361
10308421
10309171
10315351
10315651
10316951
10317651
10319641
10320361
10320701
10322001
10326051
10326151
10326271
10326401
10327471
10327841
10328951
10329211
10331101
10331691
10332511
10333911
10334201
10336101
10337991
10339771
10340251
10341801
10341961
10342631
10344331
10345201
10346281
10348281
10350381
10351661
10352931
10353121
10354351
10358041
10358971
10359561
10361211
10362441
10364011
10367441
10368111
10370301
10371271
10372811
10373571
10373881
10373971
10378131
10378591
10379501
10381681
10383991
10386311
10388541
10388711
10389261
10390191
10390991
10393581
10396071
10398671
10400171
10401651
10403221
10404401
10404771
10407111
10407481
10412121
10412321
10415281
10416261
10419381
10421821
10421941
10422261
10422471
10423461
10423621
10423721
10424421
10425601
10426921
10428901
10430901
10431161
10431321
10432611
10434781
10435871
10437861
10438191
10438291
10439561
10442401
10444261
10445961
10448891
10451391
10452871
10454691
10455881
10459091
10460731
10461281
10462521
10464981
10468161
10468581
10469161
10469321
10472571
10472851
10473381
10473531
10478071
10479391
10479931
10480621
10481321
10481391
10482391
10484811
10485481
10486501
10487991
10488211
10489681
10491061
10491321
10491821
10493511
10495621
10495991
10499631
10500151
10501021
10501541
10503091
10503381
10506821
10507991
10509321
10511091
10512331
10512621
10514221
10514411
10514481
10514521
10514861
10516681
10517621
10518371
10519861
10523911
10524081
10526341
10527341
10528161
10529801
10530041
10535131
10537961
10539631
10539991
10540911
10543011
10543761
10544781
10550961
10555051
10556541
10556581
10557811
10562391
10566061
10569941
10570491
10573551
10574441
10578951
10579321
10582171
10585711
10588161
10594611
10595621
10596321
10600361
10602491
10604891
10607031
10607201
10608191
10608611
10608951
10611411
10611621
10611781
10613241
10614181
10615331
10617591
10619551
10621741
10621991
10622631
10623711
10626791
10634001
10635891
10636671
10639011
10639181
10640641
10640771
10642161
10642861
10645091
10647001
10647811
10648241
10650431
10653461
10656311
10657261
10660291
10662671
10664351
10664801
10664951
10665911
10667401
10667691
10668051
10668731
10669071
10669501
10671711
10672491
10672551
10673911
10674581
10674861
10675601
10676701
10677951
10678111
10679201
10680261
10681561
10682131
10682761
10687721
10689501
10690261
10697071
10697291
10699311
10699761
10699841
10703601
10705321
10705551
10705831
10708711
10709311
10712811
10713741
10714291
10716961
10718491
10718761
10719171
10719491
10720781
10721051
10721791
10724851
10725371
10726431
10728261
10728761
10728911
10729061
10729451
10730841
10731231
10731291
10731391
10731581
10731741
10731891
10732091
10732591
10732781
10732931
10733021
10733241
10733471
10734111
10737031
10737741
10738221
10738431
10738781
10739191
10739851
10740021
10740261
10740431
10740921
10742131
10743081
10743291
10745301
10745791
10746491
10747411
10748821
10749771
10751701
10752751
10754571
10755811
10758161
10759981
10760211
10760411
10761051
10761621
10761681
10763131
10763951
10764121
10765051
10765441
10766391
10768431
10769441
10770761
10771961
10773301
10773611
10776311
10776781
10777191
10777281
10778111
10779331
10780931
10781141
10782411
10784371
10785111
10785971
10786211
10786751
10787501
10788011
10788561
10792221
10792421
10792661
10792861
10793661
10793861
10794491
10797301
10798531
10798891
10799411
10800711
10801041
10801211
10805891
10807601
10808691
10810101
10810841
10811841
10813461
10813511
10814001
10814611
10815251
10817771
10818651
10820471
10820921
10823481
10823571
10823721
10823931
10826321
10827581
10828361
10828921
10829291
10830011
10830861
10832271
10835261
10836511
10839621
10842401
10843841
10846221
10846471
10850851
10854141
10856611
10859741
10860281
10862191
10865431
10866001
10866971
10867961
10868531
10871341
10873401
10874941
10876981
10877271
10880191
10880871
10883451
10884741
10884841
10885081
10888391
10891551
10893981
10896011
10897301
10897941
10901441
10902641
10904831
10906041
10906511
10908681
10909181
10910311
10911971
10912211
10917691
10919331
10920531
10920951
10923631
10926321
10926751
10928681
10929031
10930471
10934541
10934671
10938191
10940211
10942291
10944491
10945941
10946331
10947541
10949061
10951401
10955151
10955481
10957211
10958031
10960811
10963021
10965261
10965881
10967141
10969981
10972001
10972551
10973751
10974341
10974951
10975761
10979341
10980961
10982771
10983831
10985381
10986851
10987561
10989371
10991221
10991471
10992061
10993271
10994121
10997571
10998001
10998431
11000441
11001001
11002171
11003331
11005441
11005541
11006301
11007321
11007701
11008311
11008561
11008941
11009091
11010651
11011261
11013561
11014291
11014801
11016221
11016341
11016441
11017071
11017251
11018951
11019071
11025501
11026201
11026351
11028251
11028771
11028901
11029601
11030001
11030611
11030911
11031361
11033161
11033871
11035181
11035491
11041511
11043661
11044641
11047891
11047951
11048161
11048461
11052631
11053221
11053641
11054551
11056191
11059921
11061071
11063111
11067221
11069371
11070741
11071881
11072091
11072811
11074721
11075851
11076521
11079291
11083921
11085021
11085571
11091211
11091901
11098721
11099711
11101871
11103591
11105061
11107161
11108831
11109121
11109791
11111951
11112661
11112901
11113371
11113591
11115921
11119181
11122131
11124111
11124611
11124741
11125461
11125821
11130921
11138551
11139491
11142251
11146591
11147671
11147811
11148041
11148431
11150541
11151081
11153901
11154271
11158391
11162361
11167971
11172651
11174471
11175401
11175871
11176091
11176711
11176851
11176991
11177211
11178041
11178621
11179351
11181831
11182521
11182731
11183781
11184041
11185151
11186531
11187101
11188801
11189011
11189931
11190131
11191481
11192711
11196331
11199231
11200971
11209761
11210661
11210991
11211211
11211641
11212081
11212981
11213101
11213221
11213801
11214971
11215531
11215941
11218181
11219231
11225181
11226221
11228081
11228201
11229821
11230651
11233961
11236231
11236711
11241021
11244531
11246491
11248401
11252171
11253901
11256831
11257121
11257671
11261351
11261671
11262801
11263931
11264061
11266841
11269271
11271141
11272321
11274371
11276881
11277191
11278861
11278971
11279251
11279951
11280401
11280731
11282341
11283661
11283771
11283841
11284081
11284471
11285341
11288691
11288971
11289191
11290261
11294381
11294611
11296171
11297161
11298031
11299831
11300061
11300201
11300391
11301071
11301681
11303861
11305571
11307141
11307291
11307451
11308001
11311581
11321451
11321891
11324101
11324451
11325731
11326121
11328961
11330851
11331031
11332241
11335041
11335571
11335921
11336991
11337201
11338201
11339461
11340931
11343541
11346001
11346261
11349091
11349341
11349771
11350111
11352221
11352811
11357461
11363111
11364111
11365131
11369441
11370401
11371771
11372851
11375571
11376041
11377041
11377271
11379371
11379761
11380191
11380551
11381101
11382071
11382541
11382811
11384391
11384961
11385891
11388521
11388751
11389021
11392161
11393881
11396391
11396661
11397251
11397461
11397971
11398101
11399801
11400271
11400331
11400921
11401581
11401901
11402511
11402821
11403141
11403741
11403901
11404961
11405001
11405431
11405801
11407751
11410291
11411681
11412171
11414451
11415561
11415951
11416541
11420081
11420811
11422421
11423981
11426191
11428291
11428581
11429711
11431041
11431731
11432051
11432911
11437811
11438671
11442251
11445681
11447741
11448771
11452111
11456491
11458711
11459841
11459931
11465881
11468961
11471771
11473181
11475621
11477711
11478351
11480431
11480811
11481921
11482251
11491041
11491211
11491781
11495471
11497901
11498211
11500281
11502741
11502921
11503171
11504781
11508411
11509371
11510961
11516301
11519781
11520741
11521101
11522931
11523471
11523941
11525621
11529661
11532211
11533321
11534761
11535691
11535771
11535891
11537021
11538101
11539771
11542141
11547651
11551251
11552051
11552321
11553331
11558081
11559641
11561751
11566751
11568561
11568761
11571751
11574621
11575671
11576301
11578901
11579021
11581321
11582991
11583331
11584441
11585861
11586891
11587471
11590441
11596531
11597621
11597981
11599541
11600981
11601721
11602891
11602971
11605461
11607511
11609391
11609601
11611751
11615131
11617351
11617801
11619181
11620661
11620861
11621991
11626501
11626701
11627201
11628751
11629681
11631611
11633421
11635421
11636371
11637631
11638161
11638711
11638771
11638931
11643401
11643631
11645411
11646381
11647471
11647641
11648761
11648911
11650191
11651041
11651161
11651291
11651391
11651851
11651981
11652281
11653311
11654271
11655651
11655731
11657791
11658801
11660071
11660101
11660561
11660911
11661251
11661681
11662261
11662841
11666351
11666851
11668161
11669891
11671101
11671321
11671581
11672171
11673291
11677551
11681571
11683081
11683221
11685791
11685941
11686201
11688011
11689731
11693921
11694481
11694831
11695361
11695731
11697501
11698871
11700851
11701571
11702971
11703711
11704271
11704541
11707821
11709131
11709941
11710601
11711151
11721321
11721811
11722561
11723671
11725751
11729051
11729281
11729451
11731171
11731521
11732291
11732731
11733591
11735691
11737171
11737241
11740231
11745101
11745641
11747411
11751561
11753161
11753421
11753591
11757341
11759911
11760191
11764611
11765331
11766651
11767561
11771591
11772651
11775171
11777781
11778931
11780321
11784361
11786281
11786781
11788161
11788401
11788861
11791431
11793021
11793671
11795221
11795631
11796461
11797391
11798481
11799041
11800971
11801201
11802471
11804821
11805111
11805401
11805481
11808051
11808541
11809631
11811601
11811821
11814121
11814321
11814371
11814471
11817231
11817461
11817531
11819141
11821851
11822511
11823291
11823331
11823431
11823551
11824001
11824401
11825071
11825291
11828141
11828391
11828531
11828981
11829641
11829721
11830311
11830751
11830841
11832601
11832951
11832981
11833291
11833421
11834141
11834221
11834911
11835201
11835341
11835781
11835961
11837781
11838791
11839651
11839721
11839891
11840141
11841411
11842111
11843951
11849381
11851331
11851551
11852131
11852421
11852851
11854171
11855201
11855941
11862351
11862581
11863311
11863981
11865251
11865741
11865801
11865831
11866101
11867221
11867841
11869741
11869951
11871201
11871521
11873801
11874431
11874911
11879971
11883911
11884941
11886171
11887171
11888011
11889471
11889801
11890821
11891481
11891841
11892401
11892851
11899091
11899361
11899751
11900311
11901361
11903341
11903921
11906951
11910241
11912711
11914311
11915201
11917211
11917321
11919531
11919631
11919711
11920571
11920981
11923401
11924071
11924271
11931141
11931741
11932011
11932981
11933221
11933861
11934281
11934711
11936251
11938831
11938861
11941901
11943351
11943791
11945241
11949671
11949991
11951561
11951891
11952071
11954531
11955341
11962771
11963031
11965331
11965771
11966141
11966821
11967171
11969461
11972281
11972521
11973401
11975431
11976221
11977081
11980311
11981731
11981781
11982901
11985531
11989041
11989381
11990181
11991091
11991281
11991601
11992981
11993241
11993991
11994791
11995961
11997131
12000171
12001021
12002031
12003261
12005581
12005991
12007401
12011231
12012531
12013341
12014361
12014451
12015211
12015881
12015911
12017341
12017641
12019751
12023871
12025011
12025161
12029131
12029231
12031681
12032161
12033301
12035571
12038171
12039311
12039711
12040701
12041811
12042531
12043621
12047701
12047931
12051251
12052301
12053701
12053811
12054751
12055781
12057401
12059941
12061191
12065901
12067221
12068661
12068921
12069401
12074561
12075691
12077751
12079921
12080171
12081371
12081661
12081991
12083031
12085841
12086101
12087281
12087411
12087961
12088071
12088751
12088951
12092211
12092921
12093941
12097261
12098391
12099951
12100241
12101731
12102201
12102281
12102861
12106411
12107021
12107271
12109931
12111451
12113361
12115951
12118991
12120411
12121161
12123671
12126541
12129001
12130211
12130241
12132661
12136831
12137521
12137841
12138991
12139071
12139591
12140151
12140371
12141711
12142101
12142791
12143661
12144581
12148121
12148361
12148761
12150921
12151901
12152121
12156311
12156521
12160471
12161071
12161551
12162791
12164101
12165091
12168791
12169341
12170901
12171011
12171261
12171471
12173951
12176451
12176931
12183961
12187181
12188601
12188631
12188801
12188911
12190511
12191701
12194061
12194261
12196021
12196821
12197481
12200261
12205811
12206361
12207261
12207671
12213851
12215321
12215661
12216101
12218401
12225641
12225791
12227921
12228871
12229151
12230881
12231591
12233911
12234011
12234581
12234801
12235701
12236531
12239721
12241641
12242861
12243141
12245081
12245401
12248431
12249911
12252071
12254051
12254391
12255471
12258791
12261041
12261821
12262281
12264381
12265201
12269701
12269811
12270701
12272321
12273591
12274251
12276291
12278451
12279831
12280461
12281561
12283921
12288041
12289621
12291341
12295901
12296041
12296221
12298921
12300471
12302021
12303691
12305551
12305771
12306141
12306701
12307521
12307891
12308251
12308741
12314601
12316171
12317921
12320641
12321531
12321941
12323681
12325711
12327731
12329491
12329921
12331401
12331991
12335091
12335231
12339091
12342471
12342741
12344601
12345241
12347111
12347451
12347731
12348741
12348981
12349231
12349761
12350741
12351041
12352121
12352311
12353271
12353741
12353951
12357981
12358921
12359761
12363461
12365001
12368961
12370961
12374091
12374301
12375461
12375741
12377521
12380181
12381231
12382761
12383551
12384401
12386641
12387511
12389551
12390651
12391041
12391501
12392051
12392471
12393461
12394741
12398021
12398421
12401521
12401591
12402491
12402811
12403251
12403571
12404481
12405011
12406311
12406351
12407961
12409321
12410541
12410651
12412421
12412481
12412931
12413221
12415141
12415321
12417221
12418461
12420071
12420781
12421511
12424151
12425161
12425211
12425771
12426811
12427071
12429381
12430021
12431191
12432501
12434631
12435471
12436431
12438841
12439841
12440281
12441681
12445671
12447141
12447911
12448461
12448981
12457181
12457801
12458261
12458711
12461641
12462221
12463361
12463831
12464381
12466621
12468031
12471011
12472241
12475321
12476111
12477101
12478001
12478271
12478931
12479181
12479411
12480051
12480601
12480831
12481301
12481451
12484081
12484261
12486501
12486571
12486661
12487951
12487981
12488741
12490791
12491111
12491461
12492581
12495361
12496831
12498721
12501381
12501911
12503511
12504061
12504761
12507151
12507521
12507621
12508591
12509251
12510391
12513621
12514331
12514621
12514801
12522211
12522421
12522521
12524391
12524541
12526491
12527201
12528631
12528691
12529751
12529891
12531721
12531931
12532321
12532391
12534211
12537271
12538591
12541841
12541951
12542801
12544331
12546151
12546921
12549061
12550361
12553371
12554031
12557481
12558591
12563541
12567371
12570161
12570741
12570831
12571221
12571291
12572071
12572831
12573441
12574901
12576381
12579401
12580721
12583781
12585481
12585591
12585951
12586421
12590001
12591311
12591931
12592211
12592331
12592931
12593491
12594551
12594881
12595041
12595161
12595471
12595731
12596401
12599301
12601511
12602041
12602431
12602601
12603631
12607201
12609221
12609661
12609711
12609801
12609861
12610441
12614051
12615101
12615821
12617011
12618191
12618871
12619881
12620091
12620171
12620561
12620781
12621131
12621491
12621571
12621791
12622541
12622571
12624381
12626361
12626861
12627041
12627681
12630881
12632491
12634361
12634521
12635781
12635871
12635971
12637901
12638771
12639501
12641551
12643381
12645541
12649001
12651641
12653561
12654291
12655421
12656121
12656591
12657811
12658511
12658771
12659061
12659831
12659931
12660181
12660291
12660761
12661351
12662011
12662461
12662841
12663941
12665401
12666011
12666331
12667601
12667761
12668611
12670071
12670611
12670871
12671351
12671601
12672011
12672631
12673361
12674011
12674131
12674181
12675011
12675851
12676391
12676701
12676951
12677911
12679041
12680241
12681041
12681391
12682271
12682581
12684421
12684891
12685561
12685581
12686411
12687421
12687791
12687911
12687971
12689971
12690331
12690741
12690971
12691171
12691421
12691631
12692131
12692191
12692251
12692531
12693571
12693801
12694181
12694401
12694531
12695591
12696371
12696641
12697151
12697641
12697991
12698591
12699021
12699201
12699281
12699811
12700101
12700591
12700901
12701071
12701231
12701791
12702001
12702091
12702371
12703581
12704341
12705341
12705951
12706731
12706821
12708141
12708371
12708991
12709791
12709921
12710231
12710591
12710741
12712641
12713531
12714181
12716581
12716641
12716651
12716991
12717331
12717621
12717781
12718481
12718531
12718601
12719101
12719551
12719601
12721731
12722041
12723031
12723601
12724031
12725481
12725931
12726341
12728571
12729151
12729911
12730431
12730541
12731081
12731231
12733361
12733861
12733981
12734791
12735551
12736061
12736301
12736371
12736541
12736611
12736751
12736911
12737051
12737071
12737111
12737221
12737641
12738031
12738251
12739021
12739171
12739491
12739671
12739881
12740081
12740721
12740961
12741241
12741481
12742011
12742111
12742511
12742591
12742851
12742941
12743031
12743271
12743591
12744681
12744911
12745171
12745371
12745751
12745981
12746081
12746751
12746801
12747051
12747261
12747371
12748381
12748561
12748601
12748841
12749631
12749861
12750601
12751011
12752361
12753001
12753111
12753851
12754191
12754971
12755221
12755671
12756091
12756221
12756311
12757201
12757261
12757311
12758321
12758591
12758761
12759171
12759371
12759911
12760111
12762841
12762971
12763561
12763921
12764571
12765581
12766401
12766881
12767791
12768711
12769061
12769171
12769851
12770021
12770691
12770931
12771431
12772071
12772471
12773611
12774441
12774541
12774581
12775671
12777051
12777261
12777591
12778251
12778961
12780571
12780811
12781041
12782221
12782631
12783241
12783301
12783951
12785801
12786231
12786731
12788521
12789841
12795211
12795521
12795751
12796221
12796351
12796571
12797481
12797761
12799771
12800251
12800501
12803761
12804291
12805371
12806841
12806881
12807091
12807691
12809251
12810911
12813011
12816031
12817211
12818441
12821101
12821921
12824101
12825381
12825511
12825951
12826151
12826461
12826741
12827001
12827981
12828421
12830941
12833951
12835101
12836991
12837291
12837631
12839091
12840811
12841061
12841291
12841891
12843261
12845541
12847701
12848971
12850161
12850931
12851711
12852241
12853901
12854131
12855761
12856151
12856681
12857121
12857661
12859041
12860011
12860061
12860271
12861141
12862491
12863091
12863611
12864121
12866291
12866451
12867081
12867241
12867321
12868821
12869051
12871391
12872551
12873271
12874511
12875551
12877181
12878701
12879741
12879891
12885081
12887991
12891241
12893921
12894051
12894271
12894821
12895991
12896101
12896711
12898301
12899931
12900621
12900801
12903171
12903421
12903471
12904171
12904471
12904791
12905401
12905881
12905991
12909691
12910641
12911721
12913621
12914351
12915561
12917461
12918591
12918681
12921111
12921461
12922341
12923101
12924241
12924541
12926591
12928241
12930361
12930711
12933031
12933591
12935591
12935891
12936651
12937731
12940771
12941291
12941591
12942981
12944461
12944791
12945001
12945141
12945841
12945931
12946971
12947061
12948981
12949131
12950671
12955101
12955451
12957711
12957781
12958491
12960041
12960141
12960881
12960991
12961151
12964821
12966251
12966421
12966571
12968561
12969511
12970221
12970541
12971021
12971911
12973391
12975501
12976291
12976741
12979051
12979201
12979301
12980561
12981081
12981871
12984581
12985901
12987571
12988811
12991231
12992621
12993791
12994051
12994611
12995831
12996451
12997821
12998841
12999781
13000891
13002181
13002291
13002431
13002751
13003091
13003841
13006231
13006281
13007741
13008011
13008851
13008921
13010091
13010311
13012341
13012991
13014041
13014271
13014781
13014821
13015891
13018331
13018721
13021021
13021881
13023681
13024051
13024431
13024701
13024851
13025361
13026881
13028551
13028641
13028981
13029551
13035881
13038861
13039821
13040261
13040431
13041211
13043881
13043981
13046571
13048101
13049611
13049981
13051091
13052711
13054441
13054751
13055861
13056921
13060041
13061631
13064221
13065291
13065471
13065921
13067831
13067941
13068231
13068811
13072091
13075611
13075891
13077521
13080791
13081361
13081761
13083401
13084491
13086331
13086621
13087911
13091041
13096301
13101701
13101941
13103691
13104661
13107321
13108051
13108181
13108971
13112431
13112461
13112691
13113421
13114681
13116171
13116981
13118321
13119421
13119451
13119711
13126211
13130091
13131961
13132481
13133631
13135271
13135681
13143481
13143971
13145371
13149191
13151691
13152441
13153441
13153711
13154701
13155011
13155261
13156731
13157241
13159471
13159701
13160981
13161361
13161841
13163691
13163981
13165841
13166581
13167511
13167791
13167951
13169441
13169561
13171081
13172291
13172441
13175601
13175871
13179831
13180691
13180891
13181061
13181331
13182621
13182751
13183831
13188481
13189681
13190571
13190911
13191641
13194001
13199321
13201521
13201811
13202231
13204881
13205161
13205491
13209711
13211391
13212261
13213011
13213351
13213701
13213971
13214271
13215631
13217331
13221251
13223211
13225431
13226751
13228241
13230021
13230531
13231761
13233931
13234981
13237501
13239021
13240801
13241391
13241641
13241871
13242101
13242371
13242671
13245581
13246151
13246601
13247701
13249031
13252031
13252131
13254631
13255851
13257921
13258761
13258891
13262171
13262581
13266611
13268161
13269981
13272071
13272491
13273251
13274561
13274741
13274891
13275291
13276121
13276311
13276411
13279061
13279931
13280161
13280811
13283301
13285811
13287281
13288431
13289461
13290791
13291461
13293041
13297181
13298341
13299441
13300311
13302761
13303511
13305971
13311461
13311821
13311961
13313121
13314751
13314821
13315871
13316191
13316771
13318571
13318761
13319371
13320201
13321041
13321561
13325591
13326511
13327101
13327681
13331461
13334421
13337951
13340791
13341341
13344911
13348091
13349231
13349351
13349391
13349511
13350361
13353711
13354091
13355841
13356201
13356581
13357431
13358631
13358771
13358861
13359161
13359761
13361461
13361751
13362111
13364471
13364751
13367321
13370381
13370901
13371821
13372001
13372741
13372901
13373261
13374111
13375181
13375651
13376511
13377171
13377381
13377831
13377941
13379491
13379651
13379971
13380051
13380111
13380921
13383031
13383391
13383611
13383881
13385001
13385181
13385341
13386161
13386401
13387351
13389031
13389171
13389631
13389761
13390631
13391021
13391241
13391391
13391851
13392071
13392241
13393191
13394971
13395471
13396561
13396901
13397111
13399741
13401191
13401811
13403851
13404571
13406831
13408631
13408921
13409011
13409241
13410951
13411721
13412451
13414531
13415581
13416421
13417291
13418051
13418621
13419571
13419651
13419721
13420051
13420471
13420971
13421311
13427181
13427411
13429581
13429681
13431441
13431591
13431721
13431771
13431841
13432231
13433741
13434581
13435101
13435551
13435641
13436221
13436511
13437111
13437181
13438201
13438681
13438841
13439881
13439951
13440101
13440551
13441321
13441601
13442071
13442271
13443631
13443891
13444131
13445281
13445321
13445971
13446981
13447431
13448551
13451831
13452821
13453651
13456151
13456191
13456381
13456791
13456931
13457111
13458011
13458611
13458971
13462761
13462901
13464521
13464811
13465431
13466791
13470541
13471501
13473451
13473861
13474681
13475631
13475691
13476121
13479541
13479821
13480761
13483151
13486941
13487281
13487431
13489211
13491021
13491841
13492231
13495101
13496401
13496441
13497071
13500351
13502361
13502571
13502631
13502971
13504171
13504651
13506261
13506321
13506331
13510111
13510881
13513031
13513471
13513871
13516631
13518671
13518711
13518791
13521711
13522551
13522701
13523981
13524821
13526511
13528901
13530271
13530621
13531171
13532471
13533151
13535131
13535571
13536481
13538131
13540091
13541871
13547971
13548581
13549361
13552951
13553071
13554331
13556711
13560131
13560391
13560431
13564371
13566101
13566321
13566411
13567291
13568731
13569991
13570241
13572391
13579541
13582671
13583191
13583411
13584221
13587881
13588551
13588591
13589551
13589891
13590141
13591961
13595311
13600921
13604711
13606211
13608781
13609181
13609391
13611401
13613711
13614321
13614951
13615911
13617551
13618071
13619801
13620621
13621191
13621821
13622761
13626191
13627511
13628881
13628911
13631561
13633301
13633841
13633961
13634821
13636761
13636971
13637691
13638161
13638361
13642641
13646021
13653111
13654691
13655731
13656661
13658271
13660991
13662081
13662321
13662461
13663691
13664531
13664581
13664851
13665061
13665641
13665781
13666301
13666411
13666501
13669841
13670301
13670451
13670701
13671661
13672441
13673711
13677111
13677571
13678901
13681541
13681641
13683201
13684721
13685671
13686481
13686591
13686721
13694301
13697411
13697881
13698161
13698621
13698851
13703741
13703901
13704041
13705921
13708061
13708691
13710321
13711421
13714011
13716721
13718681
13720661
13721251
13722351
13722761
13722771
13724281
13725381
13725471
13728591
13732981
13736141
13738761
13745051
13745471
13749501
13749981
13750511
13752501
13753651
13754241
13756511
13758371
13759601
13760341
13761851
13762391
13763911
13764221
13770241
13772121
13775261
13775511
13775971
13777531
13777601
13778081
13783421
13784951
13786631
13786961
13788081
13788451
13791791
13793001
13796681
13797421
13799831
13801081
13801311
13804101
13804911
13805521
13806201
13806801
13807051
13807091
13807601
13811791
13811921
13813451
13814321
13815481
13815821
13818551
13818841
13820871
13821551
13821601
13827071
13827961
13829271
13829411
13829501
13829771
13829941
13830641
13830791
13831061
13832351
13832601
13833731
13833941
13837561
13838751
13839331
13841821
13842031
13842741
13844141
13844901
13847271
13848141
13851631
13851961
13852031
13852381
13852541
13852851
13852981
13859321
13859551
13861371
13862311
13862641
13864901
13867081
13868081
13871681
13872171
13873151
13876181
13881241
13886481
13887731
13889771
13891011
13893761
13895411
13895831
13897401
13900111
13901781
13901811
13902311
13902701
13902831
13903821
13904491
13905841
13906431
13906581
13906951
13907461
13908091
13909141
13909331
13909741
13909831
13910831
13915721
13916681
13917181
13917891
13918861
13919471
13920141
13920471
13920901
13921941
13922371
13927201
13927631
13929981
13930211
13930391
13931071
13931271
13933781
13934241
13936041
13938911
13940121
13942891
13943651
13946221
13948541
13949061
13949821
13949901
13952491
13953391
13954631
13956481
13957081
13957601
13957881
13958801
13959841
13960471
13961171
13962641
13965161
13965331
13966381
13973581
13973701
13977391
13977951
13979181
13979841
13981351
13981701
13981811
13982081
13982831
13985021
13985361
13985771
13986521
13990301
13990511
13992261
13992471
13992561
13993451
13994341
13994411
13997111
13998001
13998181
14000921
14004991
14009451
14010221
14011631
14012031
14014541
14014771
14018071
14018931
14020651
14022261
14023971
14027231
14027311
14028111
14029451
14030481
14032241
14033311
14036931
14037711
14038171
14038741
14039501
14040361
14046321
14046921
14046951
14048621
14052201
14052531
14052881
14052931
14057131
14057361
14058101
14058481
14059341
14061321
14061941
14062121
14062381
14063051
14064131
14065211
14065781
14068841
14068871
14069291
14070961
14072801
14073671
14074311
14085901
14085961
14086541
14087171
14088541
14092291
14094301
14095311
14095601
14100331
14101841
14102091
14102201
14102351
14102561
14107321
14112731
14113331
14114011
14119281
14119541
14119761
14120041
14121891
14123341
14125891
14127761
14128291
14128581
14129551
14130241
14131711
14132291
14133791
14134561
14135651
14136521
14138601
14144811
14145641
14146311
14146351
14146721
14149101
14149601
14151421
14152251
14153561
14155671
14156261
14156721
14157231
14159281
14162591
14163541
14163801
14165641
14167081
14167961
14168791
14169541
14170161
14170801
14171161
14173091
14174551
14174921
14177651
14177931
14178711
14179241
14180331
14182251
14184301
14184541
14184821
14185231
14186211
14187151
14190751
14191541
14192401
14193071
14193311
14195361
14198991
14202971
14203961
14204451
14205081
14205201
14205471
14209361
14214801
14214971
14215691
14216971
14217901
14218261
14220211
14220941
14222251
14222991
14223281
14224411
14224841
14224871
14225521
14227901
14230331
14232541
14233981
14234911
14235611
14239841
14240111
14240161
14241291
14241571
14241851
14242201
14244661
14244931
14245021
14248421
14248851
14250641
14251091
14252921
14253771
14254351
14258141
14258651
14259071
14260541
14261641
14261691
14265311
14265391
14265721
14267031
14268821
14270491
14273171
14274651
14277501
14278581
14279121
14282351
14284661
14284811
14285411
14285531
14286391
14287591
14288901
14289201
14289621
14289991
14295781
14295861
14297861
14298401
14299801
14300961
14301151
14301331
14303221
14304091
14304281
14304411
14304971
14309481
14311261
14311491
14314461
14315321
14315541
14317361
14317931
14321921
14322541
14326211
14327241
14327851
14329851
14330381
14333011
14333381
14333501
14337631
14338531
14338671
14340131
14343091
14343421
14344051
14344661
14344891
14347321
14349111
14350431
14350981
14351931
14352541
14356681
14357301
14357891
14360101
14360491
14360901
14363371
14363801
14364601
14364721
14365681
14366031
14366801
14366861
14367701
14367971
14368381
14368671
14371511
14372391
14373001
14374491
14375141
14375291
14375801
14378471
14379051
14379781
14379941
14380831
14382551
14382641
14384211
14384961
14387771
14391341
14392121
14394121
14395581
14397561
14397941
14398081
14402411
14405141
14405301
14407251
14407721
14409421
14411351
14413031
14416301
14419101
14419301
14419981
14422481
14422811
14422941
14423521
14424041
14425341
14425441
14426901
14427481
14428701
14428841
14428971
14429811
14430221
14431151
14433341
14434081
14434221
14435791
14436361
14437681
14438461
14440701
14440731
14440961
14441121
14445221
14445801
14446151
14448421
14448641
14448831
14450831
14451861
14453481
14457461
14459161
14460641
14461401
14463751
14463761
14465611
14468221
14470121
14471851
14475391
14475531
14483021
14486011
14489051
14490311
14490891
14494261
14495561
14495711
14496811
14497351
14498221
14499831
14503431
14504971
14506571
14507401
14508711
14510281
14510831
14512311
14514871
14515421
14515921
14518901
14519021
14519501
14523571
14526521
14526911
14528621
14530241
14530531
14531481
14531631
14537841
14538211
14540641
14540881
14542881
14543181
14543241
14543721
14544591
14545141
14545321
14548861
14549511
14549541
14549821
14550201
14551331
14551881
14553381
14555581
14555811
14556761
14558801
14562281
14563761
14565791
14566501
14567891
14570941
14571001
14572071
14572331
14574991
14576641
14577431
14582051
14582921
14583861
14584501
14584871
14587231
14587571
14587911
14589811
14590941
14591051
14591261
14591331
14593071
14595841
14600241
14600711
14601561
14605131
14605441
14608241
14608571
14609561
14613961
14615041
14616981
14617171
14618851
14618971
14621351
14624161
14624301
14624451
14625121
14625871
14630761
14630821
14631861
14632411
14636781
14638791
14639301
14640101
14643081
14643331
14643601
14645281
14647531
14648821
14649621
14649801
14651021
14652151
14652321
14653461
14654661
14655311
14658621
14659161
14660711
14663851
14666111
14672471
14677081
14678201
14679331
14681221
14687211
14688571
14690831
14691401
14691471
14691681
14692591
14692981
14693391
14694391
14695831
14695951
14697331
14697891
14699301
14699781
14702771
14703001
14703591
14703841
14704531
14705341
14705741
14706611
14707071
14708731
14709491
14709901
14710311
14710921
14712741
14715671
14715921
14720211
14721181
14721321
14721631
14721781
14721971
14722371
14724351
14724851
14725141
14725991
14728751
14731871
14733461
14733581
14734121
14734521
14735081
14735571
14735871
14737381
14740181
14742591
14744511
14745561
14748711
14748861
14749081
14751331
14753441
14754101
14755621
14756391
14756921
14759561
14759921
14761391
14762561
14762621
14764341
14764861
14766911
14767271
14767871
14773791
14774451
14776831
14779801
14779961
14782901
14783621
14787371
14790591
14794761
14795111
14795621
14796611
14799951
14801311
14806811
14808021
14808081
14810051
14812471
14814151
14814781
14817041
14818871
14823811
14826891
14827121
14830091
14830211
14831711
14831911
14835271
14835341
14839031
14841451
14844871
14847451
14847601
14847981
14848101
14855991
14856671
14857771
14857911
14858051
14858591
14859041
14861001
14861181
14861521
14863071
14864101
14864881
14865301
14866821
14868571
14869701
14870371
14870461
14873281
14874511
14876251
14877101
14879531
14880401
14880701
14881771
14884331
14884621
14884971
14885711
14886001
14886321
14886411
14887231
14888761
14891091
14891451
14891911
14892351
14892891
14893761
14894391
14894791
14894811
14897501
14898891
14899341
14901711
14904791
14905311
14905531
14907181
14907421
14911221
14912201
14912551
14913201
14913381
14914151
14914431
14915201
14915731
14916481
14916911
14916971
14919031
14922571
14922811
14925101
14925511
14926431
14928151
14928991
14929581
14930141
14931601
14933411
14936061
14937591
14940721
14943411
14945191
14945401
14946051
14946141
14946581
14948261
14948671
14948721
14949121
14949421
14949471
14950321
14952661
14954481
14955441
14955771
14955981
14956641
14957251
14957631
14958801
14961011
14961451
14963771
14964191
14967571
14967731
14967821
14968431
14968611
14969821
14971051
14973901
14976121
14977081
14979311
14986681
14988421
14989901
14992341
14992451
14993351
14994101
14996381
14998451
15002891
15005491
15005961
15009401
15011451
15013761
15017081
15019401
15020871
15021331
15022381
15023141
15023211
15024791
15026721
15026901
15029191
15029571
15029651
15030431
15032341
15032851
15033371
15044741
15045121
15047651
15048591
15049001
15049671
15049811
15051561
15051981
15054881
15055381
15055771
15055991
15057101
15057161
15057191
15058781
15060641
15062001
15062531
15064021
15064481
15065311
15066001
15066311
15067031
15072411
15073141
15075771
15082961
15089731
15090451
15090511
15095481
15099751
15100411
15104341
15107971
15108341
15108401
15108971
15113151
15119691
15125791
15126681
15127481
15130411
15131331
15131581
15133181
15135241
15135641
15136351
15136391
15137771
15141511
15141751
15145371
15147741
15148231
15148821
15148911
15154511
15154571
15154621
15154731
15156031
15158081
15158641
15159591
15160781
15160871
15161021
15161501
15162491
15162681
15164891
15165511
15166351
15168421
15168901
15169441
15171151
15172591
15173191
15173671
15176991
15177251
15177961
15181151
15183501
15185171
15188811
15190031
15190361
15193431
15193741
15194371
15194811
15195541
15196001
15197001
15199571
15199741
15201071
15201351
15201551
15201951
15202081
15202481
15207011
15207951
15210541
15211151
15211751
15216751
15223151
15229111
15229271
15231371
15232561
15234801
15236261
15238871
15240061
15242101
15242391
15243661
15244891
15245191
15245931
15247971
15252321
15253641
15258661
15259011
15259151
15260351
15260711
15263081
15263211
15263811
15265701
15266521
15268821
15269651
15271011
15271891
15273501
15275111
15275581
15277131
15279361
15280421
15280971
15281371
15281501
15284921
15287901
15288411
15289181
15291201
15291841
15292311
15295241
15296541
15300661
15305031
15305331
15306211
15306561
15308361
15312511
15314931
15316081
15318751
15320081
15320861
15323081
15324121
15325081
15325351
15326261
15329641
15330191
15330891
15332691
15334621
15335131
15336751
15338161
15338491
15341031
15341161
15341341
15342751
15343911
15354811
15355531
15357391
15357961
15361061
15362631
15363321
15364901
15365611
15365921
15370571
15374731
15376701
15376871
15377651
15379491
15382131
15382841
15382991
15384631
15387021
15389621
15390341
15394191
15395071
15396561
15397851
15398671
15399531
15401841
15402681
15403041
15404071
15404221
15406041
15408271
15409021
15413191
15416491
15417261
15423391
15425921
15426361
15427061
15432051
15433921
15437281
15440161
15442211
15449311
15451691
15452091
15452451
15453481
15453661
15453751
15459311
15461351
15463281
15463841
15463961
15474491
15475551
15479271
15479361
15482771
15483771
15485081
15486741
15488601
15490731
15491411
15492301
15492921
15496281
15497011
15497741
15503581
15504331
15504371
15505501
15505581
15506411
15506571
15508761
15509731
15511291
15512621
15512801
15514151
15514841
15514901
15515721
15516061
15516981
15517451
15517651
15518151
15520901
15527861
15528471
15528701
15529681
15530271
15532611
15533041
15533551
15536911
15538611
15539221
15539411
15540361
15543501
15546841
15555481
15556471
15557841
15560111
15560721
15561991
15565181
15569681
15570191
15570371
15571751
15572871
15573581
15573651
15574501
15575701
15580121
15581151
15581481
15582171
15582951
15583881
15585661
15585791
15586991
15594041
15595121
15595311
15595771
15599161
15602881
15603851
15604991
15605031
15607381
15607501
15608271
15609611
15610311
15610551
15610931
15615901
15618021
15618321
15621991
15624091
15624791
15624841
15629141
15630501
15631271
15631901
15632491
15636451
15636601
15637611
15639141
15640391
15646651
15647211
15648691
15648981
15649081
15649991
15650911
15652581
15656321
15662421
15662681
15666651
15667911
15668741
15669881
15670711
15670781
15670891
15671311
15674131
15674211
15674851
15675511
15675521
15676931
15681281
15682891
15685011
15685771
15686781
15688531
15688701
15694511
15696691
15697361
15697501
15698461
15699551
15700131
15700741
15702241
15704201
15705521
15706881
15708961
15709341
15711861
15712601
15714111
15715111
15717081
15719691
15720161
15723491
15724611
15727971
15731091
15733101
15733251
15734171
15734211
15734981
15736591
15736951
15739781
15741031
15744231
15744691
15748971
15749861
15750021
15751321
15752961
15753381
15753911
15755641
15759751
15762641
15763161
15764281
15764531
15768001
15768711
15771041
15771091
15772741
15773291
15773511
15775311
15778181
15779791
15780341
15782591
15783201
15785551
15788981
15789671
15789791
15792681
15792841
15794691
15796121
15796741
15799041
15800911
15802141
15803521
15804671
15805501
15807131
15807971
15809151
15810711
15810921
15815131
15816941
15820671
15820921
15821151
15823091
15823441
15825491
15826301
15827031
15827831
15827961
15828561
15829231
15829911
15830271
15831421
15832841
15833871
15834031
15834051
15835051
15837251
15837931
15837971
15840791
15841351
15844761
15847261
15848401
15853531
15854231
15855251
15855791
15857491
15858211
15858571
15858741
15860271
15861201
15861751
15862111
15864211
15865681
15865791
15866091
15866381
15869211
15870591
15871851
15875901
15877051
15878661
15879671
15882911
15883261
15887101
15887481
15888561
15894111
15901051
15901151
15903611
15904371
15906321
15913011
15914681
15914941
15915621
15919511
15919531
15919591
15922791
15924201
15930711
15935331
15935421
15936961
15937041
15940791
15943451
15944641
15944681
15946941
15947621
15947831
15947891
15948271
15950271
15951301
15951351
15955481
15958131
15958281
15958691
15961291
15961811
15962041
15963651
15965551
15965811
15968671
15970451
15971891
15974851
15976441
15977351
15977541
15978701
15980631
15980751
15983441
15983861
15985721
15986431
15987471
15988041
15988961
15989201
15993161
15993421
15994891
15995681
16000171
16003911
16005581
16010221
16010981
16011061
16011721
16013741
16015831
16019731
16022421
16022541
16022871
16024011
16027611
16027831
16029691
16029811
16031391
16032731
16038141
16040491
16040821
16041471
16043931
16044161
16044461
16046531
16047671
16050131
16050581
16053391
16054451
16056031
16056061
16057131
16060041
16061921
16062301
16066921
16067921
16068001
16068681
16069621
16076011
16077131
16078661
16078871
16081111
16081581
16085461
16086451
16086681
16087491
16087711
16087981
16088291
16094121
16094481
16101431
16102061
16106471
16106511
16115201
16115501
16116621
16116801
16119171
16120531
16120571
16120971
16122511
16128391
16130261
16130631
16131641
16132901
16134811
16137091
16137211
16137461
16139421
16145011
16145051
16145261
16146891
16149371
16150161
16152081
16152751
16154131
16156031
16159141
16159711
16159921
16162741
16163161
16163731
16165541
16167711
16167921
16169861
16170031
16170961
16171211
16177841
16185291
16189021
16189381
16192391
16195141
16196691
16197131
16197661
16198431
16199551
16201381
16201531
16202901
16202991
16203711
16203901
16204471
16205881
16206121
16209281
16211551
16212111
16212631
16212721
16213321
16214101
16215281
16222841
16223271
16225101
16228571
16229021
16229211
16229391
16229571
16229701
16230231
16230521
16230631
16230841
16231271
16231731
16233041
16233571
16233741
16234281
16237981
16238741
16239071
16245851
16251241
16252501
16253911
16259831
16260311
16263791
16264081
16264661
16264741
16265841
16267281
16267601
16269161
16269591
16275871
16276201
16277561
16278671
16281491
16286331
16291541
16292001
16297131
16303591
16303751
16305131
16305581
16305881
16306291
16306531
16306911
16308881
16310631
16312011
16312501
16313301
16315191
16317891
16319071
16320871
16323471
16327221
16330911
16334691
16335341
16336911
16337791
16343241
16343391
16343601
16344181
16344481
16344711
16344821
16345221
16345251
16346961
16347061
16350481
16350721
16350781
16351231
16352561
16353931
16354131
16356941
16357421
16357881
16358961
16361481
16362771
16363701
16364661
16366561
16368401
16371421
16375031
16375131
16375271
16377481
16379791
16381161
16381351
16382191
16382801
16383411
16394161
16396901
16397501
16398341
16398741
16403251
16403371
16404701
16405921
16406081
16409671
16410131
16410181
16410951
16411891
16412551
16414191
16414771
16415301
16415401
16418071
16419321
16419861
16423761
16423931
16427551
16428031
16428091
16432491
16433711
16436501
16440861
16441041
16442371
16444591
16450431
16450541
16451401
16451621
16451731
16452811
16456261
16461031
16462671
16465271
16468231
16468741
16469551
16479931
16480011
16481181
16485281
16490201
16496241
16498631
16500401
16501161
16504881
16506611
16508371
16508691
16508801
16511391
16514641
16518541
16520811
16521291
16522521
16524301
16526041
16527071
16528501
16530291
16534341
16534851
16535461
16535601
16536071
16536141
16536511
16537021
16537471
16538701
16538841
16541781
16543071
16544191
16545861
16546811
16547511
16547991
16548291
16548331
16548561
16548761
16548971
16549911
16550431
16550661
16552491
16559371
16559541
16561941
16564731
16568611
16568771
16568981
16570801
16572151
16575421
16575691
16581001
16581851
16582691
16584481
16584741
16586771
16592601
16593511
16594971
16595631
16597111
16597411
16597551
16598451
16600131
16600661
16602561
16602631
16605081
16605431
16606841
16609731
16611061
16614261
16614581
16622221
16624201
16626401
16627011
16628871
16628931
16629771
16629811
16630701
16631311
16631341
16632181
16632341
16633131
16633411
16635471
16637001
16641741
16642781
16644291
16644821
16645861
16649511
16650721
16651301
16651881
16654341
16654991
16655781
16656461
16656591
16657221
16658021
16665321
16665761
16666061
16667721
16669261
16672171
16673241
16675971
16676761
16677571
16678061
16679141
16682581
16683711
16686311
16688211
16692601
16692721
16698651
16702351
16703901
16706601
16707741
16708971
16709121
16713171
16715451
16717631
16720891
16722681
16724571
16726531
16727951
16730831
16731511
16732841
16733401
16734551
16736521
16736781
16737131
16738671
16739221
16751321
16752231
16755821
16759291
16759891
16760431
16763541
16770201
16770231
16770591
16771291
16771361
16771681
16772131
16773771
16775331
16775551
16776461
16777521
16778021
16779221
16781711
16781761
16782391
16782571
16784121
16787621
16788051
16789481
16793781
16794921
16795681
16796741
16796811
16797261
16797711
16798591
16799191
16799321
16800041
16800961
16801111
16803451
16804201
16804501
16807871
16808731
16810421
16810601
16811571
16812271
16813351
16814401
16814821
16816261
16820041
16824401
16824731
16825031
16827151
16827371
16827801
16829441
16831521
16831891
16832171
16832991
16837471
16838451
16838601
16841681
16841721
16841791
16842351
16843541
16845441
16845861
16847391
16848771
16849461
16849931
16850041
9460741
9461491
9461831
9462621
9462881
9463091
9463871
9464941
9465111
9465281
9465681
9466671
9466911
9467861
9468181
9468661
9468991
9469671
9469851
9470281
9470531
9472131
9472231
9473081
9474661
9475651
9475801
9476451
9478371
9478801
9481601
9483301
9483601
9486131
9489051
9490081
9493801
9494281
9494471
9494991
9495521
9497811
9498201
9498931
9499421
9499501
9499931
9500511
9505431
9505491
9507881
9508531
9509271
9509521
9510711
9510881
9511291
9511421
9511841
9514031
9515941
9516451
9516561
9517601
9518801
9518951
9519681
9520181
9520851
9521921
9522921
9523331
9524971
9525471
9525751
9526031
9526251
9527591
9528301
9529091
9532871
9533371
9535201
9535471
9536911
9537071
9538071
9539121
9540791
9541691
9541751
9542341
9542541
9542871
9542981
9544521
9545131
9545651
9545981
9546201
9547111
9547321
9547541
9548721
9551321
9551471
9551891
9552561
9553141
9553441
9554721
9555161
9556311
9556821
9557501
9557641
9557791
9558481
9558691
9560921
9561491
9562051
9563901
9564951
9565901
9571721
9571921
9572411
9573631
9573981
9574441
9575941
9576061
9577031
9577971
9578661
9578801
9579901
9580441
9580501
9580721
9582481
9583841
9585241
9585961
9586961
9587341
9587511
9588291
9588611
9589461
9589861
9590281
9590711
9591361
9591711
9592611
9593021
9593791
9594071
9594941
9595101
9596101
9596351
9598911
9600051
9602211
9603181
9604261
9605141
9607061
9607641
9607991
9608131
9609001
9609971
9610531
9611491
9612771
9613571
9613781
9614051
9614161
9616021
9617331
9620631
9621631
9621791
9622621
9623371
9626201
9626431
9626601
9626841
9626971
9627831
9627961
9628631
9630581
9630801
9634991
9635461
9636971
9637351
9637551
9638091
9638341
9638671
9638911
9639381
9641921
9642091
9642271
9642441
9643011
9643621
9644291
9644451
9644821
9645011
9646401
9646591
9647531
9650591
9650751
9650951
9655501
9656101
9658261
9658671
9660181
9663491
9664451
9665781
9666051
9667111
9667401
9667561
9667771
9668431
9668711
9670371
9670521
9670901
9671681
9672811
9673751
9673821
9674121
9676151
9677381
9679741
9684061
9684631
9685031
9685211
9687541
9691641
9693231
9694981
9696631
9697691
9698541
9701331
9702481
9703171
9703421
9704001
9704291
9705451
9706011
9709151
9709841
9710271
9710981
9711191
9712021
9713191
9714371
9715071
9715441
9717741
9719661
9719871
9720421
9721711
9722141
9722931
9724371
9724561
9724991
9725431
9725551
9725801
9726741
9730031
9730181
9730721
9732171
9732921
9734271
9734481
9734611
9735871
9736691
9737531
9741691
9742331
9742961
9743121
9744221
9744321
9744581
9745271
9748901
9749221
9750801
9751241
9751501
9754381
9755671
9756461
9757681
9759131
9759321
9763591
9764111
9764821
9766061
9766621
9768761
9768921
9769631
9770881
9771381
9773551
9775961
9776471
9777981
9778751
9778911
9783231
9783491
9783791
9784191
9785581
9786841
9786961
9789111
9789511
9790631
9791651
9792781
9793241
9798111
9798701
9799031
9799181
9799411
9800561
9806511
9807271
9811111
9811941
9812101
9812641
9813201
9814771
9815501
9816431
9816661
9817221
9819011
9819561
9821451
9821601
9822301
9822361
9824811
9826691
9826861
9828651
9828821
9830061
9830861
9831201
9831381
9832471
9832821
9836971
9837131
9838741
9838951
9839501
9840151
9843211
9845101
9848001
9849141
9856931
9859681
9860921
9861781
9862791
9863721
9866481
9868331
9869271
9871531
9872501
9872861
9874731
9875321
9875511
9876111
9876961
9878961
9879431
9880711
9881051
9881281
9881711
9882931
9883851
9884021
9886571
9887461
9888031
9888781
9890581
9890881
9890961
9891291
9891491
9891851
9892891
9893081
9893391
9893701
9894201
9894841
9895041
9895561
9896051
9897841
9898481
9898581
9899691
9900381
9902531
9904391
9906221
9906951
9908631
9908871
9910391
9911471
9912101
9914361
9914461
9915961
9917251
9918171
9918831
9919701
9920191
9923041
9924211
9927851
9930051
9930401
9932641
9935531
9936871
9937111
9939341
9941881
9942231
9942391
9943041
9946611
9947451
9949331
9949501
9949841
9950361
9950931
9951161
9951721
9952131
9953771
9953831
9955431
9956291
9956581
9958341
9958431
9960021
9960361
9962451
9962721
9963241
9964531
9965871
9966251
9966911
9967081
9967441
9970011
9970491
9972221
9973211
9975761
9976061
9976611
9976791
9977161
9977401
9980251
9980791
9985181
9986571
9988721
9989881
9998071
9999191
