10000541
10001511
10005001
10009901
10013151
10017991
10021261
10022691
10029391
10032731
10033321
10037661
10038641
10045081
10057511
10057611
10067391
10071671
10091161
10098861
10103471
10103991
10104511
10126371
10134361
10178591
10187311
10196411
10197261
10201721
10203581
10205191
10216301
10223301
10224701
10229411
10236981
10249251
10280601
10281481
10288051
10292191
10294001
10294361
10311701
10311771
10317771
10323701
10331811
10334681
10335251
10342181
10347701
10349451
10351091
10355211
10355991
10358731
10360981
10363671
10374681
10394151
10416431
10420371
10425431
10431951
10435501
10438031
10449951
10455121
10460011
10477001
10487101
10487811
10489481
10497081
10497501
10502251
10506591
10511681
10513041
10517061
10519491
10524891
10528781
10539321
10541171
10547201
10549571
10557551
10562581
10563491
10573681
10573771
10588371
10601251
10617971
10633231
10633361
10643481
10650131
10660441
10660481
10664561
10670081
10673511
10675201
10685651
10690771
10693091
10701061
10704331
10709201
10709531
10717901
10721761
10724181
10724311
10740041
10753701
10754791
10760301
10763361
10765961
10767011
10768221
10778831
10780171
10784751
10789821
10794171
10799721
10800481
10814271
10818841
10821911
10837881
10838471
10853551
10857901
10880581
10890091
10900661
10900871
10902361
10908641
10908861
10909711
10919871
10933421
10942361
10954871
10961061
10988191
11000211
11009811
11011981
11012071
11018311
11018391
11027601
11029391
11032751
11034421
11041421
11052061
11052191
11053731
11056451
11066061
11076371
11079441
11081051
11084171
11087951
11098301
11108321
11121911
11125051
11128661
11138771
11143781
11145011
11152091
11163921
11181351
11185911
11236481
11238901
11247711
11251761
11256591
11266821
11271611
11271731
11272151
11272441
11272551
11275741
11284321
11294301
11295531
11305031
11315481
11318421
11320131
11323961
11332961
11341911
11377411
11377661
11378111
11378901
11381221
11391141
11398261
11398481
11413441
11418281
11419721
11420291
11425371
11429241
11432671
11436211
11436611
11437521
11440591
11442081
11446951
11456041
11462501
11464181
11465391
11474611
11480491
11486691
11491541
11496891
11499961
11500791
11503351
11516591
11522141
11523141
11531121
11541061
11547091
11553221
11556231
11565431
11570871
11579191
11590971
11610981
11628831
11632691
11638511
11642151
11650551
11657671
11665581
11667701
11671391
11675581
11678951
11679521
11680901
11690521
11700591
11703371
11714831
11729951
11731021
11731481
11736271
11738811
11747501
11752091
11755981
11759021
11777241
11778341
11778661
11784711
11789151
11789801
11792621
11794421
11810841
11817751
11818961
11820971
11821081
11823461
11829181
11829481
11837291
11839041
11856671
11858761
11862841
11868911
11870891
11873171
11890401
11892431
11914731
11916741
11921121
11926531
11928691
11940501
11949071
11953221
11964661
11971741
11985401
11989141
11993551
12006691
12008031
12010741
12019211
12019481
12021391
12024281
12033801
12046791
12057701
12078271
12097581
12098091
12102751
12112661
12127601
12134491
12142261
12147081
12151821
12165461
12166211
12176521
12177761
12181781
12207211
12211901
12221371
12221691
12223911
12226711
12227701
12234151
12234321
12236711
12246991
12264551
12267211
12271731
12274381
12277061
12288511
12297491
12313341
12314771
12316231
12326431
12328941
12336661
12350871
12362941
12367611
12370211
12386981
12395851
12398971
12399821
12400281
12402171
12407051
12413041
12414761
12416661
12416751
12423871
12425521
12425641
12430171
12433701
12438071
12441781
12450151
12451351
12454051
12456661
12461071
12469961
12476251
12479631
12483671
12487181
12501741
12520891
12522801
12531371
12532301
12538031
12545861
12554641
12565471
12566291
12577521
12591481
12596661
12610561
12611161
12614241
12624671
12633841
12636111
12637721
12644771
12646551
12646891
12647761
12651511
12653721
12654521
12655891
12660841
12661841
12665671
12674061
12678331
12682421
12682941
12690861
12694581
12695161
12695491
12695661
12696061
12697681
12698071
12698981
12700461
12705621
12707401
12711311
12711471
12713381
12715571
12717051
12722481
12729661
12731951
12733161
12734591
12734671
12738741
12738991
12740381
12742241
12742391
12743201
12746871
12747581
12750891
12753401
12755281
12757011
12762021
12762281
12774231
12774741
12780191
12780701
12781351
12793221
12803361
12809111
12812201
12827411
12828951
12833041
12840551
12840701
12843531
12843781
12872921
12875331
12878171
12881611
12886441
12897161
12900991
12909571
12912711
12914971
12918291
12920401
12927711
12928901
12933651
12944751
12951141
12954501
12966101
12967571
12968391
12970961
12987341
12989601
12991881
13002521
13003391
13012411
13028381
13029361
13047291
13047351
13054861
13062741
13069251
13070011
13075111
13078491
13082591
13103291
13104601
13113241
13116631
13116951
13120181
13123301
13136581
13139991
13145191
13152941
13155871
13156491
13161651
13165151
13165571
13166511
13172901
13175991
13178001
13191661
13192391
13194861
13199951
13201361
13205751
13229321
13229691
13229961
13230991
13233231
13234101
13234151
13236001
13242641
13258311
13261701
13263911
13268511
13271461
13272231
13274401
13301711
13310901
13312771
13312951
13314561
13324101
13329911
13331711
13345641
13357121
13359801
13363591
13370681
13381681
13386701
13391071
13391541
13392411
13394751
13397331
13400101
13400311
13400761
13404211
13413971
13417501
13421961
13436721
13438361
13438811
13439001
13441821
13442931
13447941
13465071
13474561
13482171
13497251
13502021
13502281
13503401
13507311
13514991
13523341
13524421
13528311
13529611
13529691
13539571
13545951
13547381
13554211
13556101
13557841
13566641
13577861
13581441
13589951
13592441
13594211
13594721
13604641
13619541
13621531
13628251
13629411
13631271
13632781
13635221
13636241
13639441
13644511
13648531
13654211
13662751
13668871
13669441
13680561
13684891
13701271
13701511
13708811
13713541
13731791
13739461
13744671
13746451
13752571
13758061
13761461
13763321
13766871
13777691
13779031
13782011
13785331
13785671
13786141
13793121
13794741
13807751
13812231
13813641
13820721
13821081
13825731
13830911
13835081
13839301
13841621
13846751
13850601
13851621
13852201
13855031
13876041
13877211
13889641
13894651
13894781
13905971
13906191
13908401
13926631
13933041
13933541
13946491
13947971
13952901
13956161
13969141
13987651
13995451
14018481
14021051
14021391
14023001
14025531
14059881
14060121
14061241
14062211
14073831
14073921
14075951
14078071
14078321
14078991
14082801
14093961
14099881
14099991
14104231
14107381
14109301
14121321
14121511
14126291
14128191
14134161
14137021
14138931
14140491
14155291
14158951
14160141
14170691
14184881
14185091
14185951
14197911
14206591
14210221
14224481
14229881
14231361
14242871
14244241
14249391
14250531
14267881
14269841
14292521
14297381
14299561
14310331
14312571
14319721
14325631
14331551
14348931
14352761
14361551
14369841
14390141
14395441
14399491
14403061
14403201
14405921
14412021
14416681
14418901
14421241
14430351
14436011
14436151
14436621
14466141
14468061
14474581
14483331
14496421
14511691
14515861
14544221
14546451
14552371
14558901
14559511
14564401
14586331
14594291
14597181
14601011
14615881
14630951
14633651
14634561
14641751
14647861
14649331
14649361
14652991
14663261
14667751
14669321
14682651
14706501
14717761
14721431
14722141
14723841
14725321
14727061
14727221
14732141
14732951
14733191
14734891
14739981
14740571
14748571
14752231
14759671
14761901
14776001
14783421
14803721
14804621
14809881
14817951
14835421
14835981
14841121
14853361
14858811
14862781
14862901
14863971
14864661
14866861
14871301
14875721
14876391
14885381
14886881
14892151
14907161
14910081
14915971
14919371
14924731
14932631
14933511
14952741
14968071
14968521
14969301
14983591
14984471
14986611
14990561
14997721
15005381
15011041
15011311
15016301
15022991
15026461
15027171
15028251
15028551
15029901
15035571
15043051
15046631
15049981
15055501
15068871
15081881
15094811
15097641
15099901
15114941
15119221
15125001
15125411
15128831
15135281
15140101
15149951
15150021
15166021
15167271
15169071
15171841
15194081
15207511
15207681
15211701
15214981
15215231
15224271
15235461
15243551
15248201
15266471
15267141
15276551
15299331
15304471
15305641
15306851
15321331
15332361
15366971
15398211
15399601
15401291
15406141
15460741
15483641
15490141
15491701
15510491
15518601
15525271
15527131
15535961
15557471
15566621
15571031
15572361
15575961
15589171
15595451
15604811
15609541
15615211
15640731
15648741
15652511
15654821
15660731
15666801
15675651
15689421
15690111
15693871
15705711
15706061
15734091
15752611
15762931
15776831
15781501
15784111
15787741
15792091
15800121
15808351
15811411
15821941
15849651
15849801
15892811
15900851
15902121
15956221
15974661
15977401
15985831
15987511
15993691
16001921
16007981
16018161
16018871
16024191
16027791
16035601
16046411
16049381
16067471
16068701
16070681
16074011
16078151
16084431
16085041
16108821
16117541
16118691
16120661
16124141
16131141
16135411
16144371
16144621
16146261
16158851
16162431
16169011
16169161
16170311
16180311
16188001
16195991
16200621
16201141
16204411
16220261
16222011
16232151
16233271
16249501
16257801
16258031
16261831
16262231
16264131
16283561
16283971
16289291
16294161
16296561
16303361
16323731
16325441
16329251
16341881
16342531
16348841
16349541
16352971
16356331
16359141
16369311
16371931
16386001
16394211
16395871
16408871
16411861
16422461
16431941
16445761
16465831
16468171
16472641
16478651
16478721
16481131
16485601
16488301
16503441
16513891
16518601
16524821
16533331
16547761
16560151
16584011
16588011
16593561
16595191
16620131
16622291
16634071
16634211
16639321
16642671
16643261
16652421
16656171
16661511
16668641
16673151
16675081
16676911
16679181
16680061
16686561
16692691
16693321
16715801
16718691
16726321
16729791
16736101
16736981
16737011
16742351
16742601
16764481
16765921
16766631
16766931
16768371
16770731
16770941
16771091
16771621
16772341
16777261
16778291
16794161
16795781
16798861
16822851
16825051
16833851
16850471
16850631
9462031
9488671
9496001
9500241
9525631
9530161
9531111
9540481
9544101
9546931
9550451
9560731
9562291
9572651
9572761
9579171
9585841
9592271
9598261
9599071
9610181
9611131
9613101
9620321
9635391
9636771
9637201
9640231
9640571
9647191
9654261
9654431
9654661
9655571
9658041
9659971
9667711
9668221
9671131
9678251
9688001
9692841
9706381
9708071
9710041
9712341
9722351
9729701
9738371
9742571
9743401
9746981
9747281
9747611
9760581
9766751
9767531
9771601
9797221
9799731
9816361
9818031
9818391
9829861
9833851
9834461
9839101
9844711
9847051
9848181
9853681
9855271
9862071
9888421
9896771
9898211
9910871
9912731
9917421
9918481
9919961
9924341
9927201
9927371
9952731
9953331
9965111
9973381
9977721
9978151
9982491
9985851
9993101
9998541
